Comb	N_int	F1_val_int	N_uni	F1_val_uni
1	370	0.5257936507936508	370	0.5257936507936508	
2	370	0.6370370370370371	370	0.6370370370370371	
3	370	0.5105263157894737	370	0.5105263157894737	
4	370	0.6626984126984127	370	0.6626984126984127	
5	370	0.5105263157894737	370	0.5105263157894737	
12	346	0.7019607843137255	394	0.5257936507936508	
13	327	0.5664488017429193	413	0.6626984126984127	
14	346	0.7019607843137255	394	0.6626984126984127	
15	314	0.6305555555555555	426	0.5686274509803921	
23	328	0.5664488017429193	412	0.6789473684210526	
24	345	0.6305555555555555	395	0.7189542483660131	
25	319	0.5664488017429193	421	0.5105263157894737	
34	333	0.5664488017429193	407	0.6626984126984127	
35	328	0.46666666666666673	412	0.5666666666666668	
45	319	0.5664488017429193	421	0.6626984126984127	
123	322	0.5664488017429193	431	0.6626984126984127	
124	341	0.7019607843137255	414	0.6626984126984127	
125	312	0.6305555555555555	443	0.5686274509803921	
134	327	0.5664488017429193	431	0.6626984126984127	
135	311	0.5664488017429193	452	0.6626984126984127	
145	313	0.6305555555555555	444	0.6626984126984127	
234	326	0.5664488017429193	430	0.6626984126984127	
235	315	0.5664488017429193	450	0.611111111111111	
245	315	0.6305555555555555	442	0.6626984126984127	
345	317	0.5664488017429193	447	0.5686274509803921	
1234	322	0.5664488017429193	449	0.6626984126984127	
1235	309	0.5664488017429193	469	0.6626984126984127	
1245	311	0.6305555555555555	461	0.6626984126984127	
1345	311	0.5664488017429193	470	0.6626984126984127	
2345	313	0.5664488017429193	468	0.7189542483660131	
12345	309	0.5664488017429193	487	0.6626984126984127	
uni2	369	0.5664488017429193
uni3	355	0.6370370370370371
uni4	330	0.5664488017429193
