Comb	N_int	F1_val_int	N_uni	F1_val_uni
1	140	0.4666666666666666	140	0.4666666666666666	
2	140	0.41269841269841273	140	0.41269841269841273	
3	140	0.4444444444444444	140	0.4444444444444444	
4	140	0.4329004329004329	140	0.4329004329004329	
5	140	0.4329004329004329	140	0.4329004329004329	
12	117	0.48309178743961345	163	0.6111111111111112	
13	126	0.4646464646464646	154	0.4666666666666666	
14	107	0.4646464646464646	173	0.3421052631578947	
15	126	0.48309178743961345	154	0.5202020202020202	
23	116	0.48309178743961345	164	0.4329004329004329	
24	103	0.3833333333333333	177	0.4329004329004329	
25	118	0.4329004329004329	162	0.3666666666666667	
34	106	0.4646464646464646	174	0.4329004329004329	
35	123	0.4646464646464646	157	0.3421052631578947	
45	108	0.4646464646464646	172	0.38888888888888884	
123	116	0.48309178743961345	177	0.557142857142857	
124	102	0.48309178743961345	195	0.6111111111111112	
125	117	0.48309178743961345	176	0.557142857142857	
134	106	0.4646464646464646	187	0.5666666666666667	
135	123	0.4646464646464646	168	0.557142857142857	
145	107	0.4646464646464646	186	0.38888888888888884	
234	101	0.48309178743961345	196	0.42063492063492064	
235	116	0.48309178743961345	179	0.3666666666666667	
245	102	0.48309178743961345	193	0.38888888888888884	
345	106	0.4646464646464646	189	0.38888888888888884	
1234	101	0.48309178743961345	209	0.6111111111111112	
1235	116	0.48309178743961345	190	0.557142857142857	
1245	102	0.48309178743961345	207	0.5666666666666667	
1345	106	0.4646464646464646	200	0.5666666666666667	
2345	101	0.48309178743961345	210	0.3814814814814815	
12345	101	0.48309178743961345	221	0.5666666666666667	
uni2	132	0.4329004329004329
uni3	124	0.4646464646464646
uni4	122	0.4646464646464646
