Comb	N_int	F1_val_int	N_uni	F1_val_uni
1	110	0.6638655462184874	110	0.6638655462184874	
2	110	0.7354497354497355	110	0.7354497354497355	
3	110	0.6421957671957671	110	0.6421957671957671	
4	110	0.7354497354497355	110	0.7354497354497355	
5	110	0.6031746031746031	110	0.6031746031746031	
12	85	0.5121136173767753	135	0.6638655462184874	
13	86	0.28654970760233917	134	0.6031746031746031	
14	82	0.642439431913116	138	0.7037037037037036	
15	82	0.5666666666666668	138	0.6638655462184874	
23	86	0.642439431913116	134	0.5264550264550264	
24	94	0.6857142857142858	126	0.5666666666666668	
25	96	0.642439431913116	124	0.611111111111111	
34	83	0.5807017543859649	137	0.6031746031746031	
35	86	0.642439431913116	134	0.5279866332497911	
45	90	0.7473684210526317	130	0.625	
123	81	0.28654970760233917	154	0.49074074074074076	
124	79	0.5833333333333333	148	0.4708994708994709	
125	80	0.5666666666666668	147	0.6638655462184874	
134	76	0.28654970760233917	155	0.6427015250544663	
135	81	0.28654970760233917	157	0.6638655462184874	
145	76	0.7037037037037036	152	0.625	
234	79	0.28654970760233917	146	0.5666666666666668	
235	83	0.642439431913116	145	0.5279866332497911	
245	88	0.642439431913116	138	0.5666666666666668	
345	78	0.28654970760233917	149	0.5651260504201681	
1234	75	0.28654970760233917	164	0.45315904139433555	
1235	79	0.28654970760233917	165	0.5279866332497911	
1245	75	0.642439431913116	159	0.6638655462184874	
1345	75	0.28654970760233917	167	0.6638655462184874	
2345	77	0.28654970760233917	156	0.5279866332497911	
12345	74	0.28654970760233917	174	0.5279866332497911	
uni2	115	0.7037037037037036
uni3	102	0.6857142857142858
uni4	85	0.5666666666666668
